$ANSIBLE_VAULT;1.2;AES256;stop
37373262323735363139366339633165383534376365613233376261616437633438353539366333
3566363563363537636462646135366635313235346133650a613665373639333436326534623032
65383663646439393530616232663430363239653836643035376561623134633166376465633530
6330343334303234340a333934626166326330386639656239613335303532346634326134356331
61386338633465393530653731666363333135303439363365363138376338376433363962353966
36303763633337646436383138303531333431333839613766333063393862333066386435633361
38353833656465666234623866643363363462333132616330613137666463333338613865633436
36623965613935356362356333366662363234383862323464633531636436633862353261303736
36396234363836386438386433343237303636623139323764303530663733313034313031356239
34663461353566386532643237656634626637376265303961303234336264663565323165346238
36326165303536376334666430666165653532656335366565306436663466386161303835303664
66343964316464666164373863626264303830373363383862333063396239383833653335613666
31363039386562613231336238653732613438633762323866326263363163363130366632613535
33386632623266363963646561636463303233636531643135366637653361613138353332653236
61363062633461663166636536303365323439613831623465396133643232336162633766333539
62333932633061363231326437633866646636353335356139333631306239633330653031363730
39353334623531393435343136343532383631633231333137633166643636333662623264353133
31383461643162646638363331663637323464663730346632616332363934323333346135303030
36323434666534386530313337333136306362376136316264663661616465656335343638316664
65333432356138653830336138373362383932633666323238383039353430353066626166383538
61336332303562643164326133353566356439303938383766376663656466313366376534383463
31343735643565346139336235336362633739653432613163383833623166663364663631313730
36343462633730613238386166393963376636663439636233346162383130383739646465393564
37323330633132373235616530623237303033353537383163623536616663653633646337316463
38353032323039626531393661616164653631396331353935656661303734643831613162613963
36373234666439396636623363656139666235366562663162623865356666333730616663323137
64313838643539313739343964346464366239346464343866666362623330386138326665333836
32306666653734643536
