$ANSIBLE_VAULT;1.2;AES256;sshkeys
36333034336161323838356630353666633864666633306663376262313231333030643830353762
3764373562633064633039333736383465346434386634300a623963636138666231393439363230
66363063386531623932386631653431336636376631353031653364306266326235376466626534
3863666362623330340a373765333338383233306130303864303465303662386665303866376364
34333139613465336232303739653936646134643165643333643964356164666564366538373230
66363131386435346138616535383339343338616566663137323664333863643866633563323631
66313439346232643533303562326465366364346439633131643133306161353737396130376365
39613930333566343863383634366366313133326562643034306331663731366231356134666530
37653830323739333431383961316564323030316537376562393861376238646231633330353038
61653861396333386538386438616233303963356636393838353438356266353164333366326231
62363161653965343130363631343530613536626164636335323461323866613763333932636561
38616662336537383166633364326131616534353733613061356666316134386262343762366138
63366239313032346566336639663138343765383935623964396235656362376432393532353334
37643938633934323839653731396366386564613234653634396537323266643666346165323064
30353931643166663465663661353834383437373735346364393266356566313963316235393939
36393564316237383839363764393866666634393537646337376532633533653731626639653536
30363031636462656533626138626237616131663132396431616363396632663333626231666339
31656465663964303965386562393363326637613566343262313363396636363435326334663533
31343135393233363835396237383532393030373439613531323738616237313362316438653337
33386236616234613364313032343035616333343632656138343964333735633835663565633638
62323935616135633236353261393131306637343161323030336339336436626238323337353265
31326564383162636338356165303731616563373633633134373037373134316535333635383539
37656463613834346130373664393062616462356336346132626634623861633138363637316434
39353435323032633864396664623039393166353935663166353132626638646435663838383365
36363533373265643436373038383539343761393063636466393435646364623162313637313532
65396535306135306130383936393866623138326630636632316233326462396635376131396332
33623335636662373437393530613037383438316135376663616435616164613666363361646261
64653432363834366531393365666137666534393538313164643262383431663266383430623565
62646338306135653337623439373163653238363633653032633663663565373961623631303333
62633536623637336537393630373935316434653862336662636462396165656464303861616338
34353833653466306438333234653566656265356364353365303339396434363364376437663330
37346236623937306262353332363938386532326132623161383932326363613135356335386533
37663330373535333939316662363138316334653865376563343163613166383831666561303464
61663362653534646263336238356332323038323833616332343939663934343432323933633038
64303964366536633661646464343935363134343632636361363230313431363261356135363333
65366364326436303966373366303531356265376632323730656637393937663735656636316333
37353865373765363863366566393663663433646365313036623231383063646638636335616130
6231366430346264343061623764363234363164663366386331
